37
55
33 33 33 33 33 99 99 33 33 33 33 33 33 33 33 33 33 33 33 33 33 33 33 33 33 33 33 99 99 33 33 33 33 33 33 33 33 33 33 33 33 33 33 99 99 99 33 33 33 33 33 33 99 99 33
33 33 33 33 33 33 33 33 33 33 33 33 33 33 33 33 33 33 33 33 33 33 33 77 33 33 33 33 33 33 33 33 33 33 33 33 33 33 33 33 33 33 33 33 33 33 33 33 33 33 33 33 99 99 33
45 33 44 66 11 11 11 11 66 44 33 33 33 33 33 33 33 33 33 33 33 33 11 11 11 11 11 11 11 11 11 33 33 33 55 33 33 33 33 33 33 33 33 11 11 11 33 33 33 33 33 33 33 33 33
11 11 11 11 11 11 11 11 11 11 11 11 11 11 11 33 33 33 99 33 33 33 33 33 33 33 33 33 33 33 88 33 33 33 55 33 33 33 33 33 33 99 33 33 33 33 33 33 33 44 66 11 11 11 11
33 33 33 33 33 33 33 33 33 33 33 33 33 33 33 33 33 33 33 33 33 33 33 33 33 33 33 33 33 33 88 33 45 33 55 33 33 33 33 77 33 33 33 33 33 33 33 11 11 11 11 11 33 33 33
33 33 33 33 33 33 33 33 33 33 33 33 33 33 33 33 33 11 11 11 33 33 33 33 33 33 33 33 33 33 11 11 11 11 11 11 11 11 11 11 11 11 11 33 33 33 33 88 33 33 33 33 33 55 33
99 99 99 33 33 33 33 33 33 33 33 33 33 33 33 33 33 33 33 33 33 33 33 33 33 33 55 33 33 33 33 33 33 33 33 33 33 33 33 33 33 33 33 33 33 33 33 88 33 33 33 33 33 55 33
99 99 99 33 33 33 33 33 33 33 33 33 33 33 33 33 33 33 33 33 20 33 33 33 33 33 55 33 33 33 33 33 33 33 33 33 33 33 33 33 33 33 33 33 33 11 11 11 33 33 99 33 33 55 33
33 33 33 33 33 33 44 66 11 11 11 11 11 11 11 11 11 11 11 11 11 11 66 44 33 33 55 33 33 77 33 33 33 33 33 33 44 66 11 11 66 44 33 33 33 33 33 33 33 33 33 44 66 11 11
11 11 11 11 11 11 11 11 11 11 11 11 11 11 11 11 11 11 11 11 11 11 11 11 11 11 11 11 11 11 11 11 11 11 11 11 11 11 11 11 11 11 11 11 33 33 33 33 11 11 11 11 11 11 11
33 33 33 33 33 55 33 33 33 33 33 33 33 33 33 33 33 33 33 33 33 33 33 33 33 33 33 33 33 33 33 33 33 33 33 33 33 33 33 33 33 33 33 33 33 33 33 33 33 33 33 33 33 33 33
33 33 33 33 99 55 33 33 33 33 33 33 33 33 33 33 33 33 33 33 33 33 33 33 33 33 33 33 33 33 33 33 33 33 55 33 33 33 33 33 33 33 33 33 33 33 33 33 33 33 33 33 33 99 99
33 33 33 33 33 55 33 33 33 33 33 33 33 33 33 33 33 33 33 33 33 33 33 33 33 33 99 33 33 33 45 33 33 33 55 33 33 33 33 33 33 55 33 33 11 11 11 11 33 33 33 33 33 99 99
45 33 44 66 11 11 11 11 66 44 33 33 20 33 33 33 33 33 33 33 33 33 33 33 20 33 33 44 66 11 11 66 44 33 55 33 33 33 33 33 33 55 33 99 33 33 33 33 33 33 33 33 33 33 33
11 11 11 11 11 11 11 11 11 11 11 11 11 11 11 33 33 33 33 33 33 33 11 11 11 11 11 11 11 11 11 11 11 11 11 33 33 33 33 33 33 55 33 33 33 33 33 33 33 77 33 44 66 11 11
33 33 33 33 33 33 33 33 33 33 33 33 33 33 33 33 33 33 99 99 99 33 88 33 33 33 33 33 33 33 33 33 33 33 33 33 33 33 33 33 11 11 11 11 11 11 11 11 11 11 11 11 11 11 11
33 33 33 33 33 33 33 33 33 33 33 33 33 33 33 33 33 77 33 33 33 33 88 33 33 33 33 33 33 33 33 33 99 33 33 33 33 11 11 33 33 33 33 33 33 99 33 33 33 33 33 33 33 33 33
33 33 33 33 33 33 33 33 33 33 33 33 33 33 33 33 11 11 11 11 11 11 11 11 33 33 33 33 33 33 33 33 33 33 33 33 33 33 33 55 33 33 33 33 33 99 33 33 33 33 55 33 33 33 33
11 66 44 33 33 33 33 33 33 33 55 33 33 33 33 33 33 33 33 33 33 33 33 33 33 33 33 33 33 33 33 11 11 11 33 33 33 33 33 55 33 33 33 33 33 33 33 33 33 33 55 33 33 33 33
11 11 11 11 11 11 33 33 33 33 55 33 33 11 11 33 33 33 33 33 55 33 33 33 33 33 11 11 33 33 33 33 33 33 33 33 33 33 33 55 33 33 33 33 11 11 11 33 33 33 55 33 33 33 33
33 33 33 33 33 33 33 33 33 33 55 33 33 33 33 33 99 99 99 33 55 33 33 33 33 33 33 33 33 44 66 11 11 11 11 11 11 11 11 66 44 33 33 33 33 33 33 33 44 66 11 11 66 44 33
33 33 33 33 33 33 33 33 44 66 11 11 11 66 44 33 33 33 33 33 55 33 33 33 33 44 11 11 11 11 11 11 11 11 11 11 11 11 11 11 11 11 11 11 11 11 11 11 11 11 11 11 11 11 11
33 33 33 33 33 11 11 11 11 11 11 11 11 11 11 11 11 11 11 11 11 11 11 11 11 11 11 11 11 11 33 33 33 55 33 33 33 33 33 33 33 33 33 33 33 33 33 33 33 33 33 33 33 33 33
33 33 33 33 33 33 33 33 33 33 33 33 33 33 33 33 99 33 33 33 33 33 33 33 33 33 33 33 33 33 33 33 33 55 33 99 99 99 33 33 33 33 33 33 33 33 33 33 33 33 99 33 33 33 33
11 11 11 33 33 33 33 33 33 33 33 33 33 33 33 33 33 33 33 33 33 33 33 33 33 33 33 33 33 33 33 33 33 55 33 33 33 33 45 33 33 20 33 33 33 11 11 11 11 33 33 33 33 33 33
33 33 33 33 33 33 33 33 33 33 55 33 33 33 33 11 11 11 33 33 33 55 33 33 33 33 33 33 33 33 33 33 11 11 11 11 11 11 11 11 11 11 11 11 11 11 11 11 11 11 11 11 33 33 33
55 33 33 33 11 11 33 33 33 33 55 33 99 99 99 33 33 33 33 33 33 55 33 33 33 33 33 33 55 33 33 33 33 33 33 33 33 33 33 33 33 33 33 33 33 33 33 33 33 33 33 55 33 11 11
55 99 33 33 33 33 33 33 33 33 55 33 33 33 33 33 33 33 33 33 33 55 33 33 33 33 33 33 55 33 33 33 33 33 33 33 33 33 33 33 33 33 33 33 33 33 33 33 33 33 33 55 99 99 33
55 33 33 33 33 33 33 33 44 66 11 11 11 11 11 11 11 11 11 11 11 11 11 11 66 44 33 33 55 33 33 33 33 33 33 33 33 33 44 66 11 11 66 44 33 33 33 33 33 33 33 55 33 33 33
11 11 11 11 11 11 11 11 11 11 11 11 11 11 11 11 11 11 11 11 11 11 11 11 11 11 11 11 11 11 11 11 11 11 11 11 11 11 11 11 11 11 11 11 11 11 33 33 99 33 33 11 11 11 11
33 33 33 33 33 33 33 33 33 33 33 33 33 33 33 33 33 33 33 33 33 33 33 33 33 33 33 33 33 33 33 33 33 33 33 33 33 33 33 33 33 33 33 33 33 33 33 33 33 33 33 33 33 33 33
33 33 33 33 33 33 33 33 33 33 33 33 33 33 33 33 33 33 33 33 33 33 33 33 33 33 33 33 33 33 33 33 33 33 33 33 33 33 33 33 33 33 33 33 33 33 33 11 11 11 33 33 33 33 33
33 55 33 33 33 33 33 33 33 33 55 33 33 33 33 33 45 33 33 33 33 33 33 33 33 55 33 33 33 33 33 33 33 33 33 33 33 33 55 33 33 33 33 33 33 33 33 33 33 33 33 33 33 55 33
33 55 99 33 33 33 99 99 33 33 55 33 33 33 33 11 11 11 33 33 33 33 33 33 33 55 33 33 33 33 33 99 99 99 33 33 33 33 55 33 99 33 33 33 33 11 11 33 33 33 33 33 99 55 33
33 55 33 33 20 33 33 33 33 33 55 33 33 33 33 33 33 33 33 99 33 33 33 33 33 55 33 33 33 20 33 33 33 33 33 33 33 33 55 33 33 33 33 33 33 33 33 33 33 33 33 33 33 55 33
11 11 11 11 11 11 11 11 11 11 11 11 66 44 33 33 33 77 33 33 33 33 33 44 66 11 11 11 11 11 11 11 11 11 11 11 11 11 11 11 11 66 44 33 33 33 33 33 33 77 33 44 66 11 11
08 08 08 08 08 08 08 08 08 08 08 08 08 08 11 11 33 11 11 11 33 11 11 08 08 08 08 08 08 08 08 08 08 08 08 08 08 08 08 08 08 08 08 11 11 11 11 33 11 11 11 08 08 08 08
